0.5 0.875 0.515 7
0.625 0.125 0.2825 10
0.3875 0.8125 0.8275 6
0.7125 0.075 0.3725 10
0.6375 0.0375 0.305 10
0.65 0.075 0.275 10
0.5 0.725 0.6925 2
0.15 0.375 0.105 9
0.2 0.2625 0.04 8
0.425 0.775 0.805 6
0.4625 0.7125 0.5425 1
0.0875 0.35 0.0025 3
0.0375 0.375 0.0425 3
0.7375 0.125 0.36 10
0.4625 0.65 0.57 1
0.45 0.75 0.5575 1
0.4375 0.85 0.615 7
0.225 0.35 0.055 8
0.05 0.3875 0.1125 3
0.05 0.375 0.07 3
0.125 0.35 0.0075 8
0.475 0.6375 0.7175 4
0.4875 0.7875 0.575 7
0.8 0.1125 0.3625 10
0.45 0.8125 0.77 6
0.0375 0.4625 0.105 9
0.1125 0.4875 0.07 9
0.375 0.6875 0.575 1
0.0375 0.4 0.065 3
0.875 0.05 0.3225 10
0.8375 0.025 0.3525 10
0.7875 0.025 0.3175 10
0.0625 0.425 0.0825 3
0.2375 0.475 0.025 9
0.7 0.075 0.3525 10
0.05 0.4625 0.02 9
0.4625 0.6625 0.725 4
0.4125 0.8125 0.8725 6
0.6625 0.1 0.2875 10
0.4875 0.7375 0.605 2
0.4125 0.6375 0.84 4
0.7375 0.125 0.35 10
0.2 0.35 0.0475 8
0.4125 0.6625 0.6 1
0.7125 0.0125 0.36 10
0.875 0.0125 0.3175 10
0.0625 0.2875 0.02 5
0.0875 0.45 0.09 9
0.475 0.75 0.81 6
0.725 0.0375 0.34 10
0.0625 0.5 0.075 9
0.85 0.0 0.3425 10
0.475 0.775 0.6925 2
0.6625 0.0875 0.31 10
0.825 0.05 0.3075 10
0.85 0.0 0.3325 10
0.2 0.4125 0.0975 9
0.4875 0.75 0.65 2
0.4125 0.6875 0.8575 4
0.1875 0.25 0.04 8
0.45 0.625 0.7375 4
0.3875 0.8125 0.54 7
0.1375 0.2625 0.0575 8
0.4625 0.7625 0.62 2
0.625 0.025 0.355 10
0.1375 0.4375 0.0575 9
0.8 0.025 0.265 10
0.475 0.725 0.705 2
0.1 0.35 0.0525 3
0.0125 0.4 0.0675 3
0.875 0.075 0.3125 10
0.6375 0.1125 0.3275 10
0.675 0.125 0.335 10
0.425 0.6375 0.8175 4
0.8125 0.0875 0.2875 10
0.05 0.3625 0.0975 3
0.5 0.8625 0.8425 6
0.725 0.1125 0.2575 10
0.025 0.3 0.08 5
0.7625 0.05 0.2575 10
0.6875 0.075 0.3575 10
0.725 0.0375 0.35 10
0.0875 0.4375 0.0675 9
0.675 0.0625 0.2525 10
0.075 0.3 0.0775 5
0.225 0.3125 0.0975 8
0.7875 0.125 0.33 10
0.4625 0.8625 0.8175 6
0.05 0.25 0.0525 5
0.4875 0.7 0.5425 1
0.375 0.725 0.73 4
0.7375 0.1 0.3275 10
0.7 0.0875 0.35 10
0.075 0.25 0.1175 5
0.05 0.275 0.02 5
0.4625 0.8125 0.535 7
0.6625 0.0375 0.375 10
0.2125 0.35 0.0725 8
0.4 0.825 0.575 7
0.45 0.8375 0.81 6
