15


0.775 0.8333333333333334 0.2 0.0 0.5 
0.75 0.08333333333333333 0.9 0.0 0.0 
0.075 0.9 0.14 1.0 1.0 
0.825 0.2 0.84 1.0 1.0 
0.125 0.8333333333333334 0.8 0.0 0.5 
0.4125 0.25 0.14 1.0 0.0 
0.625 0.5833333333333334 0.4 1.0 1.0 
0.375 0.9333333333333333 0.46 0.0 1.0 
0.575 0.25 0.48 1.0 1.0 
0.425 0.8 0.56 1.0 0.0 
0.4 0.36666666666666664 0.04 0.0 0.5 
0.875 0.11666666666666667 0.04 0.0 0.0 
0.225 0.08333333333333333 0.9 1.0 0.5 
0.0625 0.13333333333333333 0.72 1.0 1.0 
0.0875 0.6333333333333333 0.96 0.0 0.0 
